2 0 -8.401708602905273 41.56967383956431 
2 0 -8.401708602905273 41.56967383956431 
1 0 -8.401708602905273 41.56967383956431 
1 0 -8.403167724609375 41.56806846656256 
2 0 -8.403167724609375 41.56806846656256 
1 0 -8.403167724609375 41.56806846656256 
2 0 -8.403425216674805 41.567041005718295 
0 0 -8.403425216674805 41.567041005718295 
1 0 -8.403425216674805 41.567041005718295 
0 0 -8.403425216674805 41.567041005718295 
1 0 -8.404884338378906 41.56588509210049 
2 0 -8.404884338378906 41.56588509210049 
1 0 -8.404884338378906 41.56588509210049 
1 0 -8.404884338378906 41.56588509210049 
101 1 -8.401966094970703 41.565628221183864 
med: 1.214

11 0 -8.403596878051758 41.56395852648324 
10 0 -8.403596878051758 41.56395852648324 
11 0 -8.403596878051758 41.56395852648324 
12 0 -8.403854370117188 41.562802558700476 
9 0 -8.403940200805664 41.56094012265917 
11 0 -8.403940200805664 41.56094012265917 
8 0 -8.403940200805664 41.56094012265917 
12 0 -8.403940200805664 41.56094012265917 
10 0 -8.403682708740234 41.55849960794125 
12 0 -8.403511047363281 41.5570866362929 
10 0 -8.403511047363281 41.5570866362929 
10 0 -8.403511047363281 41.5570866362929 
102 1 -8.404884338378906 41.554967121033144 
med: 10.5 

4 0 -8.402481079101562 41.555545177625504 
4 0 -8.402481079101562 41.555545177625504 
4 0 -8.400678634643555 41.556508593474625 
4 0 -8.399391174316406 41.55772889999083 
103 1 -8.396902084350586 41.55747199452443 
med: 4

3 0 -8.39578628540039 41.55599477337899 
3 0 -8.39578628540039 41.55599477337899 
3 0 -8.39578628540039 41.55599477337899 
4 0 -8.395185470581055 41.55445328793331 
4 0 -8.399219512939453 41.55355407245646 
3 0 -8.399219512939453 41.55355407245646 
3 0 -8.399219512939453 41.55355407245646 
3 0 -8.399219512939453 41.55355407245646 
4 0 -8.399219512939453 41.55355407245646 
104 1 -8.400592803955078 41.55188406517624 
med: 3.(33)

2 0 -8.40179443359375 41.550342481454166 
2 0 -8.403339385986328 41.54841545140447 
1 0 -8.402652740478516 41.549314737505696 
0 0 -8.403339385986328 41.54841545140447 
1 0 -8.402652740478516 41.549314737505696 
0 0 -8.403339385986328 41.54841545140447 
0 0 -8.403339385986328 41.54841545140447 
2 0 -8.403339385986328 41.54841545140447 
2 0 -8.403339385986328 41.54841545140447 
1 0 -8.403339385986328 41.54841545140447 
105 1 -8.402738571166992 41.5466168383039 
med: 0.875

5 0 -8.401966094970703 41.544432740335836 
4 0 -8.40179443359375 41.54269825706207 
3 0 -8.40179443359375 41.54269825706207 
3 0 -8.402996063232422 41.541734635066156 
5 0 -8.402996063232422 41.541734635066156 
4 0 -8.405485153198242 41.54128493751203 
4 0 -8.405485153198242 41.54128493751203 
106 1 -8.408317565917969 41.541027969914246 
med: 4 

6 0 -8.407373428344727 41.54269825651559 
7 0 -8.407201766967773 41.544432740315884 
6 0 -8.407201766967773 41.544432740315884 
6 0 -8.407201766967773 41.544432740315884 
6 0 -8.407888412475586 41.545524798699645 
6 0 -8.407888412475586 41.545524798699645 
7 0 -8.407888412475586 41.545524798699645 
7 0 -8.407888412475586 41.545524798699645 
107 1 -8.408660888671875 41.54713073297695 
med: 6.375

0 0 -8.409948348999023 41.548543922762164 
2 0 -8.409948348999023 41.548543922762164 
0 0 -8.412094116210938 41.54957167717357 
2 0 -8.412094116210938 41.54957167717357 
1 0 -8.412094116210938 41.54957167717357 
108 1 -8.412437438964844 41.54790156734979 
med: 1

0 0 -8.414583206176758 41.548222745560594 
1 0 -8.414583206176758 41.548222745560594 
2 0 -8.416299819946289 41.55027824899038 
1 0 -8.417243957519531 41.551755601652786 
0 0 -8.417243957519531 41.551755601652786 
1 0 -8.417243957519531 41.551755601652786 
109 1 -8.420248031616211 41.55181983328686 
med: 0.8(3)

6 0 -8.42275857925415 41.551755601652786 
7 0 -8.42275857925415 41.551755601652786 
7 0 -8.423852920532227 41.55419637068732 
7 0 -8.423852920532227 41.55419637068732 
7 0 -8.423852920532227 41.55419637068732 
7 0 -8.424196243286133 41.55496711990824 
6 0 -8.423852920532227 41.55419637068732 
7 0 -8.424196243286133 41.55496711990824 
110 1 -8.426427841186523 41.55400368172066 
med: 6.75
 
5 0 -8.427457809448242 41.557728896883376 
3 0 -8.427457809448242 41.557728896883376 
4 0 -8.425827026367188 41.55971987683665 
3 0 -8.425827026367188 41.55971987683665 
5 0 -8.421964645385742 41.55959143007111 
5 0 -8.421964645385742 41.55959143007111 
5 0 -8.421964645385742 41.55959143007111 
5 0 -8.421964645385742 41.55959143007111 
3 0 -8.421964645385742 41.55959143007111 
5 0 -8.421964645385742 41.55959143007111 
4 0 -8.421964645385742 41.55959143007111 
111 1 -8.42076301574707 41.56113279226297 
med: 4.(27)

1 0 -8.420848846435547 41.5629952212276 
0 0 -8.420848846435547 41.5629952212276 
0 0 -8.420848846435547 41.5629952212276 
2 0 -8.420848846435547 41.5629952212276 
0 0 -8.420848846435547 41.5629952212276 
1 0 -8.418617248535156 41.56228878858403 
0 0 -8.418617248535156 41.56228878858403 
112 1 -8.41853141784668 41.559398754571404 
med: 0.571

3 0 -8.41827392578125 41.55766467386159 
4 0 -8.41827392578125 41.55766467424455 
3 0 -8.41827392578125 41.55766467386159 
4 0 -8.41827392578125 41.55766467424455 
3 0 -8.41827392578125 41.55766467386159 
3 0 -8.41827392578125 41.55766467424455 
4 0 -8.41827392578125 41.55766467386159 
4 0 -8.41827392578125 41.55766467424455 
5 0 -8.41827392578125 41.55766467424455 
113 1 -8.416213989257812 41.5585638295549 
med: 3.(66)

2 0 -8.414154052734375 41.55753622273601 
0 0 -8.414154052734375 41.55753622273601 
2 0 -8.414154052734375 41.55753622273601 
1 0 -8.414154052734375 41.55753622273601 
2 0 -8.414154052734375 41.55753622273601 
0 0 -8.41278076171875 41.55817847804495 
2 0 -8.414154052734375 41.55753622273601 
114 1 -8.410892486572266 41.55689395724693 
med: 1.286

7 0 -8.410205841064453 41.558692283504776 
7 0 -8.410205841064453 41.558692283504776 
7 0 -8.410205841064453 41.558692283504776 
7 0 -8.410205841064453 41.558692283504776 
7 0 -8.4100341796875 41.55920608219915 
7 0 -8.410205841064453 41.558692283504776 
6 0 -8.4100341796875 41.55920608219915 
6 0 -8.410205841064453 41.558692283504776 
7 0 -8.4100341796875 41.55920608219915 
7 0 -8.410205841064453 41.558692283504776 
7 0 -8.4100341796875 41.55920608219915 
6 0 -8.410205841064453 41.558692283504776 
7 0 -8.4100341796875 41.55920608219915 
7 0 -8.4100341796875 41.55920608219915 
115 1 -8.408832550048828 41.56061900658898 
med: 6.786

1 0 -8.406600952148438 41.55997677328379 
0 0 -8.406600952148438 41.55997677328379 
0 0 -8.406600952148438 41.55997677328379 
1 0 -8.406600952148438 41.55997677328379 
2 0 -8.406600952148438 41.55997677328379 
0 0 -8.406600952148438 41.55997677328379 
1 0 -8.407630920410156 41.56228878788191 
2 0 -8.407630920410156 41.56228878788191 
2 0 -8.407630920410156 41.56228878788191 
2 0 -8.407630920410156 41.56228878788191 
2 0 -8.407630920410156 41.56228878788191 
2 0 -8.407630920410156 41.56228878788191 
2 0 -8.406257629394531 41.56408696606436 
1 0 -8.404884338378906 41.56588509210049 
1 0 -8.404884338378906 41.56588509210049 
1 0 -8.403425216674805 41.567041005718295 
1 0 -8.403425216674805 41.567041005718295 
1 0 -8.403167724609375 41.56806846656256 
0 0 -8.403167724609375 41.56806846656256 
116 1 -8.400936126708984 41.56806846688566 
med: 1.158
