2 0 -8.397760391235352 41.55747199517865 
2 0 -8.397760391235352 41.55747199517865 
2 0 -8.3990478515625 41.5558663177338 
1 0 -8.3990478515625 41.5558663177338 
1 0 -8.401021957397461 41.55509557830985 
101 1 -8.412609100341797 41.550214015421666 
med: 1.6


1 0 -8.414669036865234 41.54931473938843 
0 0 -8.41604232788086 41.54880086257368 
1 0 -8.41604232788086 41.54880086257368 
102 1 -8.417587280273438 41.54751615153357 
med: 0.(66)


5 0 -8.419218063354492 41.546231414597614 
4 0 -8.419218063354492 41.546231414597614 
4 0 -8.419218063354492 41.546231414597614 
5 0 -8.421192169189453 41.54558903443436 
103 1 -8.42350959777832 41.545075129729334 
med: 4.5


4 0 -8.428144454956055 41.543790344512374 
4 0 -8.430118560791016 41.54301946113252 
3 0 -8.430118560791016 41.54301946113252 
4 0 -8.4320068359375 41.54301946124024 
3 0 -8.4320068359375 41.54301946124024 
3 0 -8.4320068359375 41.54301946124024 
3 0 -8.4320068359375 41.54301946124024 
104 1 -8.433122634887695 41.544561218865496 
med: 3.42


7 0 -8.433551788330078 41.546231414613615 
7 0 -8.433551788330078 41.546231414613615 
med: 7
5 0 -8.432350158691406 41.550278248683206 
4 0 -8.432350158691406 41.550278248683206 
4 0 -8.432350158691406 41.550278248683206 
3 0 -8.432350158691406 41.550278248683206 
5 0 -8.432350158691406 41.550278248683206 
4 0 -8.432350158691406 41.550278248683206 
3 0 -8.432350158691406 41.550278248683206 
105 1 -8.434925079345703 41.54982861213053 
med: 4
 
