6 0 -8.456039428710938 41.51449031567143 
7 0 -8.456039428710938 41.51449031567143 
6 0 -8.452091217041016 41.512433675009746 
7 0 -8.449687957763672 41.515390071057894 
6 0 -8.449687957763672 41.515390071057894 
7 0 -8.45071792602539 41.51796074427831 
6 0 -8.45071792602539 41.51796074427831 
7 0 -8.45071792602539 41.51796074427831 
6 0 -8.451061248779297 41.521045413207425 
101 1 -8.449430465698242 41.523101789455716 
med: 6.44

2 0 -8.448829650878906 41.52502957454626 
0 0 -8.448829650878906 41.52502957454626 
0 0 -8.448829650878906 41.52502957454626 
1 0 -8.447799682617188 41.526186217279026 
1 0 -8.448829650878906 41.52502957454626 
1 0 -8.447799682617188 41.526186217279026 
0 0 -8.448829650878906 41.52502957454626 
2 0 -8.447799682617188 41.526186217279026 
1 0 -8.447799682617188 41.526186217279026 
1 0 -8.447799682617188 41.526186217279026 
1 0 -8.447799682617188 41.526186217279026 
0 0 -8.447799682617188 41.526186217279026 
2 0 -8.447799682617188 41.52708581442046 
2 0 -8.447799682617188 41.526186217279026 
2 0 -8.447799682617188 41.52708581442046 
2 0 -8.447799682617188 41.526186217279026 
102 1 -8.447284698486328 41.52881669920669 
med: 1.125

1 0 -8.444452285766602 41.52984878372641 
2 0 -8.441362380981445 41.530619824189266 
1 0 -8.441362380981445 41.530619824189266 
1 0 -8.441362380981445 41.530619824189266 
2 0 -8.439388275146484 41.532354631502066 
2 0 -8.437070846557617 41.53486038207096 
2 0 -8.437070846557617 41.53486038207096 
0 0 -8.437070846557617 41.53486038207096 
0 0 -8.435096740722656 41.537366035535726 
103 1 -8.433036804199219 41.5405140236379 
med: 0.(77)

2 0 -8.431148529052734 41.54231281059954 
1 0 -8.431148529052734 41.54231281059954 
2 0 -8.431148529052734 41.54231281059954 
1 0 -8.431148529052734 41.54231281059954 
1 0 -8.431148529052734 41.54231281059954 
0 0 -8.42702865600586 41.5441115457029 
0 0 -8.42702865600586 41.5441115457029 
1 0 -8.42350959777832 41.54501089350796 
104 1 -8.419733047485352 41.54584599349217 
med: 1

7 0 -8.419561386108398 41.54777309444836 
6 0 -8.419561386108398 41.54777309444836 
7 0 -8.41827392578125 41.54892933220815 
6 0 -8.41827392578125 41.54892933220815 
7 0 -8.416900634765625 41.549957080093684 
105 1 -8.416728973388672 41.55188406517624 
med: 6.6

8 0 -8.414497375488281 41.552397917993595 
8 0 -8.411579132080078 41.5530402282712 
10 0 -8.411579132080078 41.5530402282712 
12 0 -8.409690856933594 41.554067911440036 
106 1 -8.408145904541016 41.555352492169185 
med: 9.5

1 0 -8.407974243164062 41.55278330492603 
1 0 -8.407630920410156 41.5522694561934 
2 0 -8.407974243164062 41.55278330492603 
1 0 -8.407630920410156 41.5522694561934 
1 0 -8.407974243164062 41.55278330492603 
1 0 -8.407630920410156 41.5522694561934 
1 0 -8.407974243164062 41.55278330492603 
0 0 -8.406944274902344 41.551755601461316 
1 0 -8.407630920410156 41.5522694561934 
1 0 -8.406944274902344 41.551755601461316 
2 0 -8.407630920410156 41.5522694561934 
2 0 -8.406944274902344 41.551755601461316 
107 1 -8.405570983886719 41.55329715033988 
med: 1.1(6)

5 0 -8.405485153198242 41.55503134957179 
5 0 -8.402652740478516 41.55554517767737 
3 0 -8.402652740478516 41.55554517767737 
5 0 -8.400249481201172 41.55670127506162 
5 0 -8.400249481201172 41.55670127506162 
3 0 -8.398704528808594 41.557728899974876 
3 0 -8.398704528808594 41.557728899974876 
4 0 -8.398704528808594 41.557728899974876 
4 0 -8.398704528808594 41.557728899974876 
4 0 -8.396644592285156 41.5589491831711 
3 0 -8.396644592285156 41.5589491831711 
108 1 -8.39406967163086 41.56042633775904 
med: 4

7 0 -8.39080810546875 41.56126123615637 
6 0 -8.387975692749023 41.56312366293094 
6 0 -8.387975692749023 41.56312366293094 
7 0 -8.387718200683594 41.5651144735862 
6 0 -8.387718200683594 41.5651144735862 
7 0 -8.387718200683594 41.5651144735862 
6 0 -8.387718200683594 41.5651144735862 
6 0 -8.387718200683594 41.5651144735862 
109 1 -8.385658264160156 41.56665570423207 
med:
6.3750

5 0 -8.383512496948242 41.567490522148134 
3 0 -8.382911682128906 41.56768317103228 
4 0 -8.383512496948242 41.567490522148134 
110 1 -8.380250930786133 41.56851797554454 
med: 4
 
3 0 -8.378448486328125 41.56980226935995 
3 0 -8.378448486328125 41.56980226935995 
3 0 -8.375015258789062 41.57095811085237 
4 0 -8.375015258789062 41.57095811085237 
4 0 -8.371667861938477 41.57224235713564 
4 0 -8.371667861938477 41.57224235713564 
5 0 -8.371667861938477 41.57224235713564 
3 0 -8.371667861938477 41.57224235713564 
111 1 -8.36883544921875 41.57346236339851 
med: 3.625

7 0 -8.366260528564453 41.57326973496737 
6 0 -8.366260528564453 41.57326973496737 
6 0 -8.366260528564453 41.57326973496737 
6 0 -8.364114761352539 41.57410446742142 
7 0 -8.364114761352539 41.57410446742142 
7 0 -8.361368179321289 41.57455393438431 
7 0 -8.361368179321289 41.57455393438431 
7 0 -8.361368179321289 41.57455393438431 
6 0 -8.361368179321289 41.57455393438431 
6 0 -8.361368179321289 41.57455393438431 
7 0 -8.361368179321289 41.57455393438431 
112 1 -8.358621597290039 41.574682352782546 
med: 6.545

9 0 -8.355531692504883 41.574810771053116 
12 0 -8.355531692504883 41.574810771053116 
8 0 -8.355531692504883 41.574810771053116 
8 0 -8.355531692504883 41.574810771053116 
11 0 -8.352956771850586 41.57519602436485 
11 0 -8.352956771850586 41.57519602436485 
10 0 -8.350467681884766 41.57526023282985 
8 0 -8.350467681884766 41.57526023282985 
10 0 -8.350467681884766 41.57526023282985 
12 0 -8.350467681884766 41.57526023282985 
9 0 -8.350467681884766 41.57526023282985 
8 0 -8.350467681884766 41.57526023282985 
113 1 -8.348579406738281 41.57410446742139 
med: 9.(6)
